# rho       1e5ptcls      2e5ptcls      5e5ptcls     1e6ptcls
0.00000e+00 2.50950e+19 2.08610e+19 1.66560e+19 3.91920e+19
5.00000e-03 2.45140e+19 1.63020e+19 2.06090e+19 1.65630e+19
1.00000e-02 1.16670e+19 1.08070e+19 1.69250e+19 1.39560e+19
1.50000e-02 1.67100e+19 1.36920e+19 1.44970e+19 1.57050e+19
2.00000e-02 1.00030e+19 1.54210e+19 1.52100e+19 1.33250e+19
2.50000e-02 9.71490e+18 1.23000e+19 1.48800e+19 1.40050e+19
3.00000e-02 1.33790e+19 1.62060e+19 1.39540e+19 1.34630e+19
3.50000e-02 1.21550e+19 1.29520e+19 1.39710e+19 1.36580e+19
4.00000e-02 6.81580e+18 1.52980e+19 1.39590e+19 1.32000e+19
4.50000e-02 9.11400e+18 1.21220e+19 1.41720e+19 1.31950e+19
5.00000e-02 1.41940e+19 1.37660e+19 1.43670e+19 1.47390e+19
5.50000e-02 9.67290e+18 1.21510e+19 1.40530e+19 1.37850e+19
6.00000e-02 1.52340e+19 1.35450e+19 1.23970e+19 1.26110e+19
6.50000e-02 1.44170e+19 1.23920e+19 1.36810e+19 1.36070e+19
7.00000e-02 1.27930e+19 1.21950e+19 1.29630e+19 1.39710e+19
7.50000e-02 1.30370e+19 1.56590e+19 1.27140e+19 1.34200e+19
8.00000e-02 1.42910e+19 1.33800e+19 1.21810e+19 1.37960e+19
8.50000e-02 9.41310e+18 1.37330e+19 1.37760e+19 1.29720e+19
9.00000e-02 1.18460e+19 1.42690e+19 1.34840e+19 1.28110e+19
9.50000e-02 1.25680e+19 1.19000e+19 1.27670e+19 1.35050e+19
1.00000e-01 1.33030e+19 1.23660e+19 1.28430e+19 1.24370e+19
1.05000e-01 1.20920e+19 1.13920e+19 1.41020e+19 1.29150e+19
1.10000e-01 1.05300e+19 1.14260e+19 1.35000e+19 1.30200e+19
1.15000e-01 1.29440e+19 1.43950e+19 1.34440e+19 1.33740e+19
1.20000e-01 1.17950e+19 1.18490e+19 1.28830e+19 1.33360e+19
1.25000e-01 1.21480e+19 1.21990e+19 1.27400e+19 1.35310e+19
1.30000e-01 1.23480e+19 1.30970e+19 1.19510e+19 1.29010e+19
1.35000e-01 1.38360e+19 1.29010e+19 1.35050e+19 1.29970e+19
1.40000e-01 1.33360e+19 1.24360e+19 1.36810e+19 1.21090e+19
1.45000e-01 1.23470e+19 1.22470e+19 1.28790e+19 1.25740e+19
1.50000e-01 1.21960e+19 1.18270e+19 1.31400e+19 1.27920e+19
1.55000e-01 1.20570e+19 1.37270e+19 1.21600e+19 1.28290e+19
1.60000e-01 1.38540e+19 1.12210e+19 1.25780e+19 1.21380e+19
1.65000e-01 1.41040e+19 1.19710e+19 1.17750e+19 1.22590e+19
1.70000e-01 1.11450e+19 1.13560e+19 1.13820e+19 1.28300e+19
1.75000e-01 1.19910e+19 1.14970e+19 1.22620e+19 1.18600e+19
1.80000e-01 1.24880e+19 1.18350e+19 1.17550e+19 1.20870e+19
1.85000e-01 1.34690e+19 1.23340e+19 1.23760e+19 1.21380e+19
1.90000e-01 1.26510e+19 1.21920e+19 1.19330e+19 1.19910e+19
1.95000e-01 1.05750e+19 1.26900e+19 1.17790e+19 1.16060e+19
2.00000e-01 1.17490e+19 1.05990e+19 1.19010e+19 1.19160e+19
2.05000e-01 1.31680e+19 1.03490e+19 1.21760e+19 1.22610e+19
2.10000e-01 1.24700e+19 1.18080e+19 1.20080e+19 1.21200e+19
2.15000e-01 1.07590e+19 1.27740e+19 1.20760e+19 1.19680e+19
2.20000e-01 1.19060e+19 1.18310e+19 1.13720e+19 1.18220e+19
2.25000e-01 1.13710e+19 1.07080e+19 1.21910e+19 1.19250e+19
2.30000e-01 1.22070e+19 1.19100e+19 1.11770e+19 1.16180e+19
2.35000e-01 1.23890e+19 1.23580e+19 1.24210e+19 1.15140e+19
2.40000e-01 1.23090e+19 1.17670e+19 1.23060e+19 1.18190e+19
2.45000e-01 1.22220e+19 1.15650e+19 1.10180e+19 1.17410e+19
2.50000e-01 1.28010e+19 1.26460e+19 1.14210e+19 1.13450e+19
2.55000e-01 1.32220e+19 1.15010e+19 1.14140e+19 1.19750e+19
2.60000e-01 1.13700e+19 1.24450e+19 1.18860e+19 1.18140e+19
2.65000e-01 1.35050e+19 1.14580e+19 1.18690e+19 1.18760e+19
2.70000e-01 1.18020e+19 1.20010e+19 1.21440e+19 1.17270e+19
2.75000e-01 1.22010e+19 1.16480e+19 1.11780e+19 1.16100e+19
2.80000e-01 1.21350e+19 1.12980e+19 1.17450e+19 1.19060e+19
2.85000e-01 1.14490e+19 1.09870e+19 1.11670e+19 1.14130e+19
2.90000e-01 1.12080e+19 1.18530e+19 1.16390e+19 1.13420e+19
2.95000e-01 1.05390e+19 1.13840e+19 1.11870e+19 1.15560e+19
3.00000e-01 1.17700e+19 1.19470e+19 1.15950e+19 1.17330e+19
3.05000e-01 1.13630e+19 1.19420e+19 1.15950e+19 1.14280e+19
3.10000e-01 1.12680e+19 1.20390e+19 1.17630e+19 1.14390e+19
3.15000e-01 1.12920e+19 1.18540e+19 1.12420e+19 1.16560e+19
3.20000e-01 1.20780e+19 1.10500e+19 1.21020e+19 1.21500e+19
3.25000e-01 1.04470e+19 1.19460e+19 1.15550e+19 1.12140e+19
3.30000e-01 1.17400e+19 1.17730e+19 1.11880e+19 1.16650e+19
3.35000e-01 1.15530e+19 1.09390e+19 1.16000e+19 1.14300e+19
3.40000e-01 1.15090e+19 1.16620e+19 1.18460e+19 1.16970e+19
3.45000e-01 1.37110e+19 1.25680e+19 1.12320e+19 1.16120e+19
3.50000e-01 1.19780e+19 1.19490e+19 1.16420e+19 1.11840e+19
3.55000e-01 1.15190e+19 1.12280e+19 1.14680e+19 1.11560e+19
3.60000e-01 1.24720e+19 1.09430e+19 1.15200e+19 1.14250e+19
3.65000e-01 1.19090e+19 1.23340e+19 1.15720e+19 1.13990e+19
3.70000e-01 1.07370e+19 1.16910e+19 1.17860e+19 1.15100e+19
3.75000e-01 1.26530e+19 1.21230e+19 1.13590e+19 1.14230e+19
3.80000e-01 1.18920e+19 1.10150e+19 1.10530e+19 1.13080e+19
3.85000e-01 1.23970e+19 1.06930e+19 1.14800e+19 1.15160e+19
3.90000e-01 1.20310e+19 1.22940e+19 1.23070e+19 1.21680e+19
3.95000e-01 1.12630e+19 1.21850e+19 1.19080e+19 1.21600e+19
4.00000e-01 1.19360e+19 1.27910e+19 1.11260e+19 1.18570e+19
4.05000e-01 1.14940e+19 1.17480e+19 1.24590e+19 1.19350e+19
4.10000e-01 1.05030e+19 1.21050e+19 1.22530e+19 1.22280e+19
4.15000e-01 1.27530e+19 1.17660e+19 1.20940e+19 1.16370e+19
4.20000e-01 1.18650e+19 1.13630e+19 1.21300e+19 1.21250e+19
4.25000e-01 1.21910e+19 1.27740e+19 1.24510e+19 1.21040e+19
4.30000e-01 1.40810e+19 1.38030e+19 1.19230e+19 1.23270e+19
4.35000e-01 1.28770e+19 1.31820e+19 1.25510e+19 1.26580e+19
4.40000e-01 1.37570e+19 1.36760e+19 1.31180e+19 1.25560e+19
4.45000e-01 1.22840e+19 1.27470e+19 1.26510e+19 1.30660e+19
4.50000e-01 1.32170e+19 1.30450e+19 1.29170e+19 1.31380e+19
4.55000e-01 1.27550e+19 1.35510e+19 1.32580e+19 1.34360e+19
4.60000e-01 1.28190e+19 1.29470e+19 1.36980e+19 1.32330e+19
4.65000e-01 1.30870e+19 1.40220e+19 1.34870e+19 1.32840e+19
4.70000e-01 1.41840e+19 1.41260e+19 1.43610e+19 1.35300e+19
4.75000e-01 1.32820e+19 1.35350e+19 1.36440e+19 1.32610e+19
4.80000e-01 1.27090e+19 1.26120e+19 1.40530e+19 1.31960e+19
4.85000e-01 1.35730e+19 1.40140e+19 1.33240e+19 1.36210e+19
4.90000e-01 1.31690e+19 1.40750e+19 1.39360e+19 1.37410e+19
4.95000e-01 1.47220e+19 1.29770e+19 1.36380e+19 1.43090e+19
5.00000e-01 1.43200e+19 1.44100e+19 1.43980e+19 1.39950e+19
5.05000e-01 1.42840e+19 1.43720e+19 1.43030e+19 1.45020e+19
5.10000e-01 1.39390e+19 1.38020e+19 1.43750e+19 1.44420e+19
5.15000e-01 1.36450e+19 1.42190e+19 1.41670e+19 1.44150e+19
5.20000e-01 1.35260e+19 1.42730e+19 1.38250e+19 1.50430e+19
5.25000e-01 1.37420e+19 1.56550e+19 1.47360e+19 1.44850e+19
5.30000e-01 1.40760e+19 1.42570e+19 1.50080e+19 1.46430e+19
5.35000e-01 1.54640e+19 1.44590e+19 1.44690e+19 1.47150e+19
5.40000e-01 1.48120e+19 1.44880e+19 1.42870e+19 1.47150e+19
5.45000e-01 1.58360e+19 1.44870e+19 1.45000e+19 1.48180e+19
5.50000e-01 1.48270e+19 1.47340e+19 1.49340e+19 1.52040e+19
5.55000e-01 1.43280e+19 1.42750e+19 1.50130e+19 1.47580e+19
5.60000e-01 1.60380e+19 1.56120e+19 1.54530e+19 1.51820e+19
5.65000e-01 1.60620e+19 1.56230e+19 1.41780e+19 1.51070e+19
5.70000e-01 1.56760e+19 1.52780e+19 1.54200e+19 1.51880e+19
5.75000e-01 1.47860e+19 1.59940e+19 1.51250e+19 1.54280e+19
5.80000e-01 1.55290e+19 1.55440e+19 1.52570e+19 1.54830e+19
5.85000e-01 1.51520e+19 1.58970e+19 1.61190e+19 1.55420e+19
5.90000e-01 1.65480e+19 1.60600e+19 1.51500e+19 1.60700e+19
5.95000e-01 1.61030e+19 1.51290e+19 1.57270e+19 1.54850e+19
6.00000e-01 1.65190e+19 1.53710e+19 1.58770e+19 1.54770e+19
6.05000e-01 1.52790e+19 1.61050e+19 1.54110e+19 1.60610e+19
6.10000e-01 1.62140e+19 1.65190e+19 1.59720e+19 1.61630e+19
6.15000e-01 1.66210e+19 1.57860e+19 1.57070e+19 1.62540e+19
6.20000e-01 1.79870e+19 1.68230e+19 1.60630e+19 1.62240e+19
6.25000e-01 1.75070e+19 1.63730e+19 1.63940e+19 1.66300e+19
6.30000e-01 1.77880e+19 1.55070e+19 1.62470e+19 1.63400e+19
6.35000e-01 1.61910e+19 1.53330e+19 1.62550e+19 1.67570e+19
6.40000e-01 1.56770e+19 1.61710e+19 1.65920e+19 1.68530e+19
6.45000e-01 1.56030e+19 1.72170e+19 1.68660e+19 1.67670e+19
6.50000e-01 1.70070e+19 1.72770e+19 1.70620e+19 1.70300e+19
6.55000e-01 1.62850e+19 1.64350e+19 1.63180e+19 1.71770e+19
6.60000e-01 1.76380e+19 1.70160e+19 1.72310e+19 1.70790e+19
6.65000e-01 1.61510e+19 1.75970e+19 1.75160e+19 1.72100e+19
6.70000e-01 1.72740e+19 1.73300e+19 1.72590e+19 1.73910e+19
6.75000e-01 1.77390e+19 1.75980e+19 1.76160e+19 1.70990e+19
6.80000e-01 1.70970e+19 1.70410e+19 1.74860e+19 1.77360e+19
6.85000e-01 1.82280e+19 1.81690e+19 1.76770e+19 1.78320e+19
6.90000e-01 1.78330e+19 1.84420e+19 1.81420e+19 1.79710e+19
6.95000e-01 1.84360e+19 1.82850e+19 1.73350e+19 1.77960e+19
7.00000e-01 1.76800e+19 1.78820e+19 1.85840e+19 1.84340e+19
7.05000e-01 1.93580e+19 1.81740e+19 1.80440e+19 1.85950e+19
7.10000e-01 1.76940e+19 1.89970e+19 1.84450e+19 1.87250e+19
7.15000e-01 1.88650e+19 1.77640e+19 1.87720e+19 1.87930e+19
7.20000e-01 1.85400e+19 1.90330e+19 1.84630e+19 1.81540e+19
7.25000e-01 1.83220e+19 1.92140e+19 1.87400e+19 1.86670e+19
7.30000e-01 1.90430e+19 1.83680e+19 1.90060e+19 1.92170e+19
7.35000e-01 1.86650e+19 1.89810e+19 1.89180e+19 1.89770e+19
7.40000e-01 1.95450e+19 1.98310e+19 1.95550e+19 1.95390e+19
7.45000e-01 1.99550e+19 1.87980e+19 1.89910e+19 1.91710e+19
7.50000e-01 1.95210e+19 1.94280e+19 1.89140e+19 1.91830e+19
7.55000e-01 1.77210e+19 1.90580e+19 1.89060e+19 1.92410e+19
7.60000e-01 1.89900e+19 1.90730e+19 1.93150e+19 1.93050e+19
7.65000e-01 1.90790e+19 1.97640e+19 1.95030e+19 1.92810e+19
7.70000e-01 2.11340e+19 1.96240e+19 1.92610e+19 1.88480e+19
7.75000e-01 1.96630e+19 1.99020e+19 1.90970e+19 1.90090e+19
7.80000e-01 1.93640e+19 1.94880e+19 1.89690e+19 1.90030e+19
7.85000e-01 1.98420e+19 1.87620e+19 1.90970e+19 1.95390e+19
7.90000e-01 1.91780e+19 1.92090e+19 1.91710e+19 1.89870e+19
7.95000e-01 1.93620e+19 1.90270e+19 1.93520e+19 1.95850e+19
8.00000e-01 1.96020e+19 1.85660e+19 1.93570e+19 1.91580e+19
8.05000e-01 2.04280e+19 1.84100e+19 1.95230e+19 1.93290e+19
8.10000e-01 1.93600e+19 1.98020e+19 1.89740e+19 1.93440e+19
8.15000e-01 1.98190e+19 1.92360e+19 1.89210e+19 1.93060e+19
8.20000e-01 1.90770e+19 2.01910e+19 1.93800e+19 1.90170e+19
8.25000e-01 1.88360e+19 1.93640e+19 1.93340e+19 1.91890e+19
8.30000e-01 1.92520e+19 1.90780e+19 1.89850e+19 1.91090e+19
8.35000e-01 1.86630e+19 1.98790e+19 1.92550e+19 1.89190e+19
8.40000e-01 1.90570e+19 1.91710e+19 1.92560e+19 1.89450e+19
8.45000e-01 1.80150e+19 1.90880e+19 1.84730e+19 1.92490e+19
8.50000e-01 1.82610e+19 1.82540e+19 1.86820e+19 1.88670e+19
8.55000e-01 1.80890e+19 1.88500e+19 1.83090e+19 1.85500e+19
8.60000e-01 1.92630e+19 1.88500e+19 1.84550e+19 1.81720e+19
8.65000e-01 1.84390e+19 1.79850e+19 1.87510e+19 1.82760e+19
8.70000e-01 1.72040e+19 1.83180e+19 1.76740e+19 1.77030e+19
8.75000e-01 1.82480e+19 1.72800e+19 1.79580e+19 1.81320e+19
8.80000e-01 1.86930e+19 1.75280e+19 1.77360e+19 1.76020e+19
8.85000e-01 1.75910e+19 1.70680e+19 1.76540e+19 1.75020e+19
8.90000e-01 1.77380e+19 1.75760e+19 1.74740e+19 1.73110e+19
8.95000e-01 1.74450e+19 1.67840e+19 1.71410e+19 1.68930e+19
9.00000e-01 1.71270e+19 1.66440e+19 1.70610e+19 1.67640e+19
9.05000e-01 1.64040e+19 1.68180e+19 1.64600e+19 1.64330e+19
9.10000e-01 1.60850e+19 1.55120e+19 1.60850e+19 1.62510e+19
9.15000e-01 1.62060e+19 1.63050e+19 1.56330e+19 1.62000e+19
9.20000e-01 1.53990e+19 1.59250e+19 1.58400e+19 1.57940e+19
9.25000e-01 1.64210e+19 1.56650e+19 1.61570e+19 1.56560e+19
9.30000e-01 1.52970e+19 1.58010e+19 1.54670e+19 1.56470e+19
9.35000e-01 1.50300e+19 1.53660e+19 1.54270e+19 1.52560e+19
9.40000e-01 1.50740e+19 1.59810e+19 1.52770e+19 1.54150e+19
9.45000e-01 1.58100e+19 1.51730e+19 1.51910e+19 1.53610e+19
9.50000e-01 1.49410e+19 1.53140e+19 1.54330e+19 1.51840e+19
9.55000e-01 1.47780e+19 1.52790e+19 1.53540e+19 1.54840e+19
9.60000e-01 1.52260e+19 1.47720e+19 1.47900e+19 1.47300e+19
9.65000e-01 1.31860e+19 1.30030e+19 1.30900e+19 1.30420e+19
9.70000e-01 1.17330e+19 1.10320e+19 1.09750e+19 1.11990e+19
9.75000e-01 9.22360e+18 9.36700e+18 9.35960e+18 9.39360e+18
9.80000e-01 7.53810e+18 7.58320e+18 7.55380e+18 7.53700e+18
9.85000e-01 5.63060e+18 5.61230e+18 5.67850e+18 5.63680e+18
9.90000e-01 3.73770e+18 3.79720e+18 3.83950e+18 3.93880e+18
9.95000e-01 0.00000e+00 0.00000e+00 0.00000e+00 0.00000e+00
1.00000e+00 0.00000e+00 0.00000e+00 0.00000e+00 0.00000e+00
